# Created by Octave 7.1.0, Fri Dec 29 14:15:36 2023 GMT <unknown@CIM-IN-7Y119K3>
# name: ndataseq01060216
# type: matrix
# rows: 1000
# columns: 5
 1 1 1 7015.5855605691504 5977.3761753240997
 1 2 1 6236.3333032344099 4751.9690235792104
 1 3 1 6238.20591977598 5733.1332409787501
 1 4 1 5897.1498919898504 4807.6903082260096
 1 5 1 5839.4704113386097 5032.0691856056101
 1 6 1 5811.6610678982597 5071.5203552381799
 1 7 1 6337.1766887337299 5602.1969100002498
 1 8 1 6120.2846050858298 4714.3250462870701
 1 9 1 5032.5672064016298 6336.0474130935099
 1 10 1 5359.9320867480501 4652.5514905800601
 1 11 1 4668.9400250495501 4326.4182698268196
 1 12 1 6213.81426440218 6385.3288540718104
 1 13 1 6151.7907473626801 4327.4663790743698
 1 14 1 4610.0178404544704 5352.5867771758803
 1 15 1 5699.7622360194 5342.8492156781704
 1 16 1 6518.2561454755396 4948.77773258448
 1 17 1 6908.6346495694497 6104.7145853653001
 1 18 1 6054.8422054901002 5222.6489345939999
 1 19 1 6147.8942696896502 6359.6392121341996
 1 20 1 5163.3911103190703 4516.7269967729098
 1 21 1 5563.6533657179698 4984.9566388155399
 1 22 1 6277.2174167849698 5101.43988956666
 1 23 1 4803.9386967423497 4387.6214644060501
 1 24 1 5926.6277629566903 5068.8926572289602
 1 25 1 6494.3324952501498 6238.3563179165103
 1 26 1 5120.5670497186602 6282.34164958566
 1 27 1 7402.9915243920404 5546.9002287471903
 1 28 1 6933.4936561753302 5687.4702449240303
 1 29 1 5928.94872796033 6610.2442301760402
 1 30 1 6505.2955247707296 5931.6528410945502
 1 31 1 5845.0335611999599 5471.2263573586097
 1 32 1 5391.4576865007102 4726.3100138340396
 1 33 1 5860.5639702072203 4964.6962740137697
 1 34 1 6047.6808660890201 4969.0636034895097
 1 35 1 4483.7012889032703 4606.8710322657998
 1 36 1 6381.1376973672304 4921.0428905005801
 1 37 1 6384.1449651080102 4624.1632302579601
 1 38 1 6094.2588316045303 6844.27791007207
 1 39 1 4798.8253091631104 5095.7748959775799
 1 40 1 5399.2348833636997 4523.0244140292598
 1 41 1 5806.2286346527399 4028.7199097591601
 1 42 1 6964.1132168557497 6497.3278183515004
 1 43 1 6228.8653974157796 4890.4014820155098
 1 44 1 5110.9746698643903 5475.4410413673104
 1 45 1 6707.7035658637396 4550.0269038678698
 1 46 1 6064.9004743733203 4587.8794741143902
 1 47 1 6993.8519272010999 5233.1522073855604
 1 48 1 5847.7224533700401 4749.7700425023004
 1 49 1 6591.1914717078598 6109.53214103542
 1 50 1 6469.0099760662897 4987.9239069865898
 1 51 1 5414.0260150428603 6365.2415663072397
 1 52 1 6071.2281688169096 5116.9670474824397
 1 53 1 5451.7354829128699 5236.5848675756497
 1 54 1 5787.8306293764799 4114.61442349146
 1 55 1 6015.48695671321 4785.6829141533899
 1 56 1 6626.1002976522404 7212.6315868804104
 1 57 1 5780.0217998526596 5734.2071155679496
 1 58 1 5753.1960114181502 6043.9832887471403
 1 59 1 5078.5139979189598 5235.4059331673598
 1 60 1 5199.3318095990799 5628.7280175025398
 1 61 1 5230.7882114277299 6370.6142190835599
 1 62 1 5786.5679815508001 5293.5445427351997
 1 63 1 4974.8958263008299 5166.9822408334103
 1 64 1 6314.0364470457498 4732.0965939122298
 1 65 1 6249.0335499748699 5481.0533252439
 1 66 1 5432.9851338265398 6851.9059766034798
 1 67 1 7024.5666878383799 5465.6247549918198
 1 68 1 6368.92455155279 4810.8049480746204
 1 69 1 5907.3832744328802 4599.9666242171197
 1 70 1 5287.6923719290398 4635.4110997074904
 1 71 1 6797.5947911498497 4366.0592833014598
 1 72 1 5782.6219068646596 4907.6978918389505
 1 73 1 7038.1473236092297 4060.8287733510301
 1 74 1 6482.5840159262298 4925.5144179358804
 1 75 1 5279.9018416647205 5658.5701393663403
 1 76 1 6311.4793846833099 6332.8660776284196
 1 77 1 6179.0849425638098 4394.5252874363396
 1 78 1 7782.50776417011 6223.9935364286303
 1 79 1 6477.0059451348097 5088.8201143646302
 1 80 1 6225.52128700704 5444.4734138110698
 1 81 1 6638.5758848343003 4445.9542361179101
 1 82 1 5212.1037766373001 5781.7402911455001
 1 83 1 6462.1877613558199 7298.4655814665502
 1 84 1 6071.6829510751504 4106.5916700427197
 1 85 1 6395.1546667130497 5400.2012768079703
 1 86 1 7226.2052130223201 5156.7722352356004
 1 87 1 6916.78905339216 5104.8204136547702
 1 88 1 6249.1886598227102 4474.0800264947902
 1 89 1 5413.2653696822199 6101.0785134980197
 1 90 1 6205.55073426534 6735.1525382578902
 1 91 1 6498.78364629108 5809.0728234788103
 1 92 1 6394.3762397702503 5366.8472242047701
 1 93 1 4754.4619737884104 5919.5383275998702
 1 94 1 6398.8911183618602 6052.2231750769697
 1 95 1 5744.8899049694201 4724.0389711093503
 1 96 1 6298.6351821794597 5129.6460909972402
 1 97 1 6757.1770929337299 4433.3508521123504
 1 98 1 5692.1949526586504 5714.8673387569897
 1 99 1 5679.8101116624102 4821.2961819339498
 1 100 1 6328.4172784798002 7061.4435226436299
 1 101 1 7402.3732507941804 4011.95693039655
 1 102 1 5623.1364011510695 4035.20608242344
 1 103 1 5615.7659456288202 5042.9872427382898
 1 104 1 7160.8546260656003 6036.0742096056101
 1 105 1 5958.27476992634 4664.81156091712
 1 106 1 6430.8743436038403 6746.7286518604897
 1 107 1 6215.9160793814399 7225.6238814373201
 1 108 1 6696.3057601455002 5442.9794635417102
 1 109 1 6940.6554308022596 4963.4419414920603
 1 110 1 5762.1634632799196 4268.3584347997303
 1 111 1 4937.6738538719401 4326.9829269752599
 1 112 1 7182.7853006527603 4748.6814827048402
 1 113 1 7436.0781420159601 5791.4870206690202
 1 114 1 4152.8787081819 4813.0855453706599
 1 115 1 6181.7650001984703 5743.97946726795
 1 116 1 4815.2822548431204 5312.2785629475202
 1 117 1 6248.63802454714 7336.1664980463702
 1 118 1 5482.0924904064204 5705.9774980021302
 1 119 1 6408.6441581807203 6192.8232615832303
 1 120 1 6423.6949028954496 4683.0307965432703
 1 121 1 5072.2436194834099 6438.7973803824298
 1 122 1 5635.0620814867098 5166.95823251818
 1 123 1 6400.5901819958299 4208.2381100295797
 1 124 1 4334.3136990258899 5430.8308218184302
 1 125 1 6381.02280383174 5642.7434361059604
 1 126 1 7116.5220066967204 4036.3993920009998
 1 127 1 5749.1609998261802 5988.8822751029602
 1 128 1 4719.1986823437301 5256.6736099474701
 1 129 1 5960.19366046088 4853.46619459052
 1 130 1 4856.4654977215896 7804.7736688552804
 1 131 1 4420.8410918115296 6449.4886520485697
 1 132 1 7288.4935145068202 5069.2313334197597
 1 133 1 5066.1909877852604 5306.0465578703197
 1 134 1 5276.7647843108898 4469.4552810636696
 1 135 1 4769.1345439955603 5333.2994845126696
 1 136 1 7253.0339196554896 5481.2391478524296
 1 137 1 6274.1718428920603 6433.1063220119004
 1 138 1 6141.75046037021 5234.6052254681699
 1 139 1 5354.5724217009401 4024.04738334985
 1 140 1 4081.7542631548299 5556.5961324459204
 1 141 1 5127.89503221614 4948.59527110421
 1 142 1 6829.8575717849199 5317.8966062913296
 1 143 1 6119.8682569689299 5530.2539243928804
 1 144 1 7112.7579147264596 5866.9549711089003
 1 145 1 6595.3374183359701 4830.9333171830503
 1 146 1 6107.3058708809804 5028.7397815921504
 1 147 1 5723.1137107757804 5179.9260889746702
 1 148 1 6473.2079601646801 5694.3038655475902
 1 149 1 6635.8850631806999 5670.64529343701
 1 150 1 6820.5259091395001 4598.74995652287
 1 151 1 6176.4172911349797 4481.9966844215596
 1 152 1 6441.4905275641104 5766.2196759882099
 1 153 1 5506.7992510496397 7606.1565173053996
 1 154 1 5523.5374400047003 5634.1800969062397
 1 155 1 4721.73440642065 5865.3761643551597
 1 156 1 5378.7343019724203 4315.0705881413096
 1 157 1 5488.6467133530105 4752.4390453341102
 1 158 1 6556.4639876084702 4385.7656088067697
 1 159 1 5149.7416212196003 5666.2141021122898
 1 160 1 5518.7624118613203 5192.0757536127503
 1 161 1 5960.9627489137602 4482.7157090998298
 1 162 1 6400.0658330373599 5004.0427321145198
 1 163 1 6845.3108133601399 4397.2055368605297
 1 164 1 6231.3338623846403 4754.7192447348798
 1 165 1 5524.9453958516497 5124.41425518706
 1 166 1 5788.48476877753 5024.4426266273003
 1 167 1 4938.0616422141802 5693.5120847092803
 1 168 1 7420.3845866830397 5394.2820857024099
 1 169 1 5317.3411806692202 4953.4825769885301
 1 170 1 5993.6133999894 5343.1749476081905
 1 171 1 7480.1399907943896 4494.089737798
 1 172 1 5834.0170391741503 4240.8912755885203
 1 173 1 6550.5845462867601 5939.9022969754296
 1 174 1 5137.5223617462298 4149.3620653839698
 1 175 1 4630.6615775420996 4040.5475570383801
 1 176 1 5505.3486311585202 4954.1653641665498
 1 177 1 4952.2501448933799 4007.8661208987301
 1 178 1 5229.9267046352898 5900.1826178088004
 1 179 1 6121.42073628662 5763.2390645665901
 1 180 1 5854.1990920033204 7218.08647754085
 1 181 1 4787.94891649695 5275.3772290931402
 1 182 1 7156.4404921341802 4359.7786620444504
 1 183 1 5698.3166048883604 5354.3686401750901
 1 184 1 6257.11658234471 5542.7081552660202
 1 185 1 5514.6239109579301 4260.9843979693997
 1 186 1 5537.2964132542302 5460.4760664435298
 1 187 1 5981.3473554663797 6181.53741776271
 1 188 1 6422.5271417449203 4483.5497580185402
 1 189 1 7084.1611739988903 4298.5861507596101
 1 190 1 6341.9593014350903 5267.9843117986002
 1 191 1 6413.0418281866996 4098.3125177069496
 1 192 1 7059.7193562644097 5538.2916494690298
 1 193 1 5475.0172681681897 6545.4875194256501
 1 194 1 5617.6824229876802 4597.32650924888
 1 195 1 6572.8180794768496 5692.1222815034498
 1 196 1 4238.3691153823202 5593.0992139719801
 1 197 1 5160.2666309316 5906.7553639632997
 1 198 1 5808.0481947201297 6680.4868112150098
 1 199 1 5164.2275609582903 6430.5347314506098
 1 200 1 4087.1062802985498 5281.4505162142204
 1 201 1 4765.1583497355005 5630.3192320521002
 1 202 1 6089.4528429992997 4623.1504311641602
 1 203 1 5472.1969284507704 6176.3882487106403
 1 204 1 5362.45941249714 5018.02857745446
 1 205 1 5568.9927045997401 5007.1721956646397
 1 206 1 5672.2154229479302 6122.4622215755999
 1 207 1 6027.4531542342602 4647.3131576587302
 1 208 1 6394.3349751926398 4685.5571716091199
 1 209 1 6349.7323305604295 5139.7947547315098
 1 210 1 6901.5182381895802 4136.7072591859696
 1 211 1 6731.9949765320398 6056.33397873387
 1 212 1 5732.1374063221401 4428.6815123030601
 1 213 1 7278.1832821060898 5759.6592793949303
 1 214 1 6306.7810230193199 6964.2777716279697
 1 215 1 6087.7698726408198 4438.1985866124496
 1 216 1 6822.3149874315204 6071.1131003452801
 1 217 1 4719.89383093783 5721.7447650610802
 1 218 1 6955.8933145134997 5969.1336636839796
 1 219 1 5834.7304123781396 5159.0692558281298
 1 220 1 6772.5100273726503 6857.2049480981696
 1 221 1 4926.5035212800003 5977.23443731308
 1 222 1 5818.3709226728197 4896.4556207364703
 1 223 1 5281.7555896167196 5220.1236720164197
 1 224 1 4876.0591689774501 4500.2667818356404
 1 225 1 4617.6966983923103 4129.05180054843
 1 226 1 4290.4782837735302 4791.8868871452996
 1 227 1 5208.2834681194199 5826.1666336587596
 1 228 1 4989.4097908471804 4678.6064334268403
 1 229 1 5940.84606594653 4960.8540289553803
 1 230 1 7848.68337304334 4968.4770264177496
 1 231 1 6957.7906715628096 4187.4586818912403
 1 232 1 4892.46834331228 4402.0969425447902
 1 233 1 7056.53010083953 4095.7352322893598
 1 234 1 5832.9025861767605 5146.4513741333403
 1 235 1 6072.5539649382099 4628.3503475224697
 1 236 1 6116.3445728402503 4148.1012315190201
 1 237 1 6515.6279714114698 6274.89715425145
 1 238 1 4466.8827666156603 6695.9011188991399
 1 239 1 5446.6510806318502 5408.9977452743296
 1 240 1 4996.5546311464004 6454.8924390567599
 1 241 1 4280.7403804647802 4376.2042229960998
 1 242 1 6354.3401307908398 7326.0667985303398
 1 243 1 5791.2358570196802 6117.8172708436496
 1 244 1 6149.8130084296199 6292.0793826238096
 1 245 1 6669.5501048095102 4427.9071740299396
 1 246 1 5062.1483113121403 6338.8456255560995
 1 247 1 6877.4547306071499 4714.6997226744897
 1 248 1 5910.3599885226304 4469.6555657543804
 1 249 1 6482.7542838724803 4065.9758018797502
 1 250 1 4500.3397320890999 5830.3334195953703
 1 251 1 5231.56994198966 4022.4927084230699
 1 252 1 5872.6370289453498 6890.3912653220304
 1 253 1 6407.3903891138398 5329.9787741653099
 1 254 1 5828.1095116488405 5132.1775183508598
 1 255 1 6944.0428477367705 6308.3408048460597
 1 256 1 6348.6385574846399 5765.9506933419998
 1 257 1 6330.8963048902096 5560.4439521091499
 1 258 1 6658.4975263475199 4405.1660376762402
 1 259 1 5403.42897804107 5626.8683103429703
 1 260 1 6457.9955661741396 5445.0251110667496
 1 261 1 7194.8620151692603 6045.8234609473502
 1 262 1 6709.6472913123798 6107.6282494690104
 1 263 1 4632.7717797776604 4529.1600932531901
 1 264 1 4780.7847397156402 5614.6981086238702
 1 265 1 5826.5122048112898 6299.8418716485803
 1 266 1 4756.7336430958403 6528.3010991388601
 1 267 1 5448.1058566589099 5060.1381982943303
 1 268 1 4964.4553371822803 5222.8833415003401
 1 269 1 4892.3409933112598 6148.5735232556199
 1 270 1 5966.8100033916999 4844.8562803723798
 1 271 1 6619.8385273731401 5245.3508002521003
 1 272 1 4876.4831872102604 5083.2666995884601
 1 273 1 7118.1233644473396 4113.4274804199504
 1 274 1 6505.9603495150104 5086.7811131103299
 1 275 1 5587.5529776228996 6073.2021939363503
 1 276 1 6175.7057034931204 4904.7758068674202
 1 277 1 7790.7345278565499 4907.4650286244196
 1 278 1 7310.7377558072403 6123.2097706354298
 1 279 1 4152.9054873581399 4731.3241453049504
 1 280 1 5892.3856104977003 4704.7047425147903
 1 281 1 5939.9216365306402 4149.8857183970003
 1 282 1 5954.41069236566 5864.76646503952
 1 283 1 5982.4217784644397 4392.0236035854796
 1 284 1 5930.74962044515 6401.6026800682703
 1 285 1 5553.7456574520802 6530.6181849972199
 1 286 1 5721.1971484916403 5487.1100546468697
 1 287 1 5411.8003456752303 4700.8600429697299
 1 288 1 7924.9891931515203 4153.1808008431099
 1 289 1 6063.8722113846998 6090.6816949500399
 1 290 1 5481.9098799454396 5424.4652219949903
 1 291 1 6049.42082102527 4987.3385573895503
 1 292 1 7042.6955829542103 4779.9838712467099
 1 293 1 5461.22083613417 4883.2519574552198
 1 294 1 6355.1160360498498 5502.5057059225501
 1 295 1 6472.0471507570301 5840.5964756456196
 1 296 1 7217.2634787233201 5553.2716687534103
 1 297 1 5088.3228597156203 4126.52219634214
 1 298 1 7352.09295033741 5782.3891999522602
 1 299 1 5668.1055520178497 4957.4921632030901
 1 300 1 5853.4679949018901 5180.9786279742902
 1 301 1 5370.8184826970401 5303.8143864963004
 1 302 1 5860.0211771040404 4382.4930810442502
 1 303 1 6493.4824506459099 5919.8134416435796
 1 304 1 6701.2522749589198 5627.5043099252398
 1 305 1 5939.5506992906803 5608.7626702674897
 1 306 1 5973.1093518830903 4678.2087613358299
 1 307 1 5780.2197504197802 4923.7493342608204
 1 308 1 5984.2878304782598 4534.7645739708296
 1 309 1 5344.6317171902701 5096.3952457199603
 1 310 1 6274.0600017892903 4933.5325053239403
 1 311 1 7095.78941912952 4940.0238178670797
 1 312 1 5240.3468891112198 4196.8954975849301
 1 313 1 4758.0458086511198 4431.9301022439304
 1 314 1 6695.5530395975202 5606.5559418479297
 1 315 1 4918.98038029279 6272.18464226378
 1 316 1 4869.6671880338499 5972.52035025635
 1 317 1 5615.32765237486 5853.7401207481698
 1 318 1 5769.7544078095098 6536.5879418579798
 1 319 1 5730.63956348797 4977.5548965448697
 1 320 1 5770.7762549137296 5874.7378901168604
 1 321 1 7318.7411489426504 4821.0400716613804
 1 322 1 6297.9587171726998 6305.1071735586402
 1 323 1 6259.6467114799598 6299.59334188506
 1 324 1 5753.7025530118399 5596.6947972061998
 1 325 1 6297.00694375479 4851.5090888410496
 1 326 1 4900.2337527852596 6411.98259067445
 1 327 1 5754.6809464314802 4296.88172234989
 1 328 1 4586.7244051334901 4955.3831934611499
 1 329 1 7196.30716581654 4898.4714387386302
 1 330 1 6722.6927888555801 4815.0627448309497
 1 331 1 6729.5268989992401 5267.4344915584497
 1 332 1 4824.7816682643297 4452.5798085059796
 1 333 1 6232.81565751976 4888.8127733849196
 1 334 1 6319.3228751422603 4659.1383697048796
 1 335 1 7006.9160822637396 5361.6668026216503
 1 336 1 5516.3795658253202 6144.5301881619798
 1 337 1 5663.2573820780999 4405.2381673043401
 1 338 1 6152.7018060783303 4962.6229961393001
 1 339 1 5900.6337970690402 4790.29052559095
 1 340 1 6157.5589229112802 5377.9150149543902
 1 341 1 6159.8871101038503 5609.9170852826601
 1 342 1 7378.1150636954999 5499.0879468284302
 1 343 1 5710.7381677870599 5970.6598030372097
 1 344 1 5867.9390891165303 5275.6900514068202
 1 345 1 6010.5003392291001 4653.9933739439703
 1 346 1 6265.2031266746499 4399.0320006349802
 1 347 1 5560.07162275474 6432.9055820161402
 1 348 1 6395.8054587892202 5708.7380722871403
 1 349 1 6629.9587929080299 4881.0818203143399
 1 350 1 4720.0313274854598 5202.1308749645104
 1 351 1 5157.6627519786898 4725.7141481263998
 1 352 1 5513.6201829838201 5264.71540713989
 1 353 1 4603.4796144035199 6125.1911571258697
 1 354 1 5817.1715808245899 4833.6961808047299
 1 355 1 6064.7148054896597 4869.3315154275897
 1 356 1 7615.05441969187 5327.2461638432997
 1 357 1 6152.9586069999004 4396.3418379817003
 1 358 1 7255.8002948911599 7319.8143384396399
 1 359 1 6159.2170061455499 4834.4345607188397
 1 360 1 6460.4357591473799 5924.6754802784199
 1 361 1 5542.7870400514303 4073.5401754692798
 1 362 1 6182.1512730592503 5530.1414880085204
 1 363 1 5641.8862667776702 4839.8492236717902
 1 364 1 5246.6931900057698 5466.6000751894298
 1 365 1 4501.29138300668 4427.6364939769701
 1 366 1 4669.5246148900796 4113.7286041522202
 1 367 1 6558.3535989477896 4622.9787443881196
 1 368 1 5929.1145410090903 4416.22340522991
 1 369 1 6225.6598049614604 4970.9921409518302
 1 370 1 4508.6039746304004 5183.7408246646901
 1 371 1 5761.8715293864598 5479.5461325408796
 1 372 1 5912.8589095323096 4288.0300111017896
 1 373 1 6923.5757311748303 5019.2104741275598
 1 374 1 6242.7385060706802 5079.1725125040102
 1 375 1 7656.3738359727704 5583.7871610470402
 1 376 1 5794.6200247430197 4983.1111985883499
 1 377 1 6943.1449631625701 5617.6869291662797
 1 378 1 6094.2553179577299 6731.4379207796201
 1 379 1 5613.0196635351904 6882.7578450227102
 1 380 1 6897.8627372457104 5490.9954208050103
 1 381 1 6377.36319076163 4607.2060870036603
 1 382 1 6378.7870020579503 5713.9867425311704
 1 383 1 6388.29612093782 6023.1670652335097
 1 384 1 6002.7300992918899 4708.3697390995803
 1 385 1 5407.9093746954904 4126.4760576692097
 1 386 1 5142.7742568187095 6066.0844436847201
 1 387 1 6649.1162591270304 6299.3745536802098
 1 388 1 6383.6655056340996 7152.1562437695902
 1 389 1 5036.2672099188703 6159.1805403509397
 1 390 1 7041.0755659917904 5067.0893660297197
 1 391 1 5655.3976591329701 4928.4187522954198
 1 392 1 5615.43670681602 5075.6786363649899
 1 393 1 6150.74060744705 5082.3578521584104
 1 394 1 6002.3321787141404 7045.89423089515
 1 395 1 5268.1857335013101 4992.8482450675101
 1 396 1 6862.4644919267203 7345.1783199840102
 1 397 1 5730.2720689420503 5145.0728246967101
 1 398 1 5925.6334023665204 6669.0454323899003
 1 399 1 5519.8358698968505 6429.1847208873996
 1 400 1 5719.1199577421003 4021.99737585405
 1 401 1 5229.0560594524904 4486.93345584692
 1 402 1 5785.5967037638202 4467.5279457417801
 1 403 1 6538.6100881038701 5728.6388506215799
 1 404 1 5207.2218181150101 6190.4922035155996
 1 405 1 5333.6817444369999 5625.4228353726003
 1 406 1 6557.3265401347198 4357.7089132548799
 1 407 1 4089.88173108 6205.8919878934203
 1 408 1 5938.1948176736196 4657.83514726256
 1 409 1 4509.0114460499499 5921.1308177178598
 1 410 1 6005.8159122014004 4504.71559717321
 1 411 1 6528.6599900234796 5941.8658505981502
 1 412 1 5584.1487224224702 4878.5539266435499
 1 413 1 6208.0948654403101 4082.7333413456299
 1 414 1 5941.6559912375897 4777.6988423720304
 1 415 1 6005.62761938118 5465.69805755988
 1 416 1 7125.6095967063202 5324.3174260203896
 1 417 1 5489.0688680638104 4987.7930619844701
 1 418 1 6203.3735035010004 5701.4501191997397
 1 419 1 5842.2162178545996 7256.1814044853299
 1 420 1 6408.2543279402698 5452.7985680478496
 1 421 1 6570.5464243496999 6063.3066153745303
 1 422 1 4463.6836409125899 6153.1033250868404
 1 423 1 6278.4358622720401 5497.5268266482499
 1 424 1 6325.1815421077699 4829.7809416396603
 1 425 1 7331.0047676189897 5386.92865890344
 1 426 1 6027.4287128739797 5883.2877639288899
 1 427 1 6727.1882334115098 5134.9304059913402
 1 428 1 6723.7609051381396 5008.94323877025
 1 429 1 5517.3544951424901 4748.7892793618203
 1 430 1 5145.7534175104702 5050.8458164215999
 1 431 1 5708.7183682467203 6769.9534975573197
 1 432 1 5337.1660207908799 4110.1628465558397
 1 433 1 6410.1092542064798 4238.0615886141404
 1 434 1 5703.5684230008301 5619.3250123437901
 1 435 1 5947.2904497486898 4557.6163624847304
 1 436 1 5987.3870790585497 4869.0547428761802
 1 437 1 4167.4023053015999 5650.66677631317
 1 438 1 6956.8955426802904 5208.0121352710403
 1 439 1 6029.6205213226003 4441.0098231185702
 1 440 1 6521.9496886894804 6195.67830565433
 1 441 1 7729.7869509250704 6361.0764456433799
 1 442 1 5275.8996361755699 4456.7814109384399
 1 443 1 4599.6120327037597 5707.4557639090299
 1 444 1 6733.1581181453803 4633.8560831285804
 1 445 1 4714.4461181356 5307.5893102111104
 1 446 1 4865.0021472736098 5408.0878070798399
 1 447 1 7314.3221658083703 7158.8918613543301
 1 448 1 6074.3618224436104 4036.6388299769901
 1 449 1 6158.0356653487497 5019.5095428029999
 1 450 1 5536.6861853668697 6152.1660017397498
 1 451 1 6134.6835668108097 6147.5503591428296
 1 452 1 6316.1477559660498 5412.60649848086
 1 453 1 5703.7896966538601 5641.6367990346098
 1 454 1 7317.6889587923197 5529.1651800207401
 1 455 1 6159.8619222048401 4465.4487735968896
 1 456 1 6379.3859367772402 4996.1468625540501
 1 457 1 7166.8518986524195 5477.7618448453204
 1 458 1 6581.1125820932302 4503.8011234965497
 1 459 1 6561.22022370787 5437.0518490774002
 1 460 1 6197.8382329025499 5272.0478363538105
 1 461 1 5695.9307713566805 4141.3080244054499
 1 462 1 5983.4411048755001 4367.7690597561595
 1 463 1 6279.3948774057199 5629.8470970902199
 1 464 1 6721.6892002451204 5606.0122395281996
 1 465 1 6797.2915299337101 4838.7886999243201
 1 466 1 7161.4049724468996 6899.3390658114904
 1 467 1 6075.2645903373996 4358.35050774308
 1 468 1 6883.1025001983398 6375.3119446252003
 1 469 1 6892.2136007807203 5673.2533543320696
 1 470 1 6137.4582398078901 5030.1391346005403
 1 471 1 5648.7880293937596 4868.25317462371
 1 472 1 5371.4494563043199 5228.8021398012597
 1 473 1 7573.0210525596403 6262.4682979280497
 1 474 1 6365.8392238918004 5550.6412358760799
 1 475 1 6553.2362165333398 5167.1043859143201
 1 476 1 6049.1828188653499 6274.1622729085302
 1 477 1 5578.4266823718999 5835.70017985714
 1 478 1 7021.5631330415399 7515.0655214960198
 1 479 1 6324.4675866997004 5148.6034943684099
 1 480 1 6297.2932417121401 4784.9765370518599
 1 481 1 5859.5924404349698 5393.8425095102402
 1 482 1 6514.1349527092098 4430.8997368993796
 1 483 1 5624.5355770627802 4661.8325077784903
 1 484 1 5280.9373014926196 5722.9131210687201
 1 485 1 5642.7449754745603 4236.8974245217896
 1 486 1 5470.66578064032 5776.4869889787396
 1 487 1 4867.5164117998402 4600.8757250749404
 1 488 1 6222.42010996708 4356.0639504346
 1 489 1 5638.14624135348 4117.3580367735103
 1 490 1 6022.2810516604404 4743.5499440070598
 1 491 1 6260.7056111759102 6157.2965651657396
 1 492 1 7582.1089505460704 4934.3473096336002
 1 493 1 5862.9977685028198 4341.2556599029604
 1 494 1 5088.0538464521596 4005.89318681759
 1 495 1 5180.6471781476002 4179.0669074740899
 1 496 1 6449.1631168312697 4582.0716620069497
 1 497 1 6968.7029655966899 4433.8141917323901
 1 498 1 6242.1627019101797 4074.68133323346
 1 499 1 5705.3998602358597 4432.5885097256696
 1 500 1 4538.5262219695396 5552.1117413977599
 1 501 1 6353.2829945303201 4904.2705334541397
 1 502 1 5499.1858498103202 5650.8776004873798
 1 503 1 6207.4890530897401 4675.3836332726196
 1 504 1 5790.4011645683304 5211.1193634884703
 1 505 1 6295.7765108435196 5373.2623089241997
 1 506 1 7353.6577356713196 4200.7217276356796
 1 507 1 5914.6953611178196 4165.9900609866199
 1 508 1 6781.12137520959 6278.7355410743003
 1 509 1 4975.8621986468897 5302.9329980741304
 1 510 1 5011.99831864116 5134.4887807271498
 1 511 1 4958.4326480203399 4629.3733698557899
 1 512 1 5776.3293781881302 5689.4039322655199
 1 513 1 6712.4433523104899 7403.0934651597099
 1 514 1 6692.3911543951199 4219.4702206288503
 1 515 1 5782.6831465642899 5352.26084681666
 1 516 1 5519.2132089353199 5690.2690079181602
 1 517 1 6061.0166337253404 4313.77754655837
 1 518 1 5251.5401724036901 5371.7822858874497
 1 519 1 6182.3088822339996 5352.85678992662
 1 520 1 6116.2031720705299 5442.8595900357304
 1 521 1 5111.1797723139498 7610.9039971429102
 1 522 1 5512.72738719475 4312.3057351506905
 1 523 1 5886.7467590342403 4079.0053240607099
 1 524 1 6049.4717008920798 6058.2325096070499
 1 525 1 6125.8977288898004 7499.6882570436801
 1 526 1 7008.7266657498303 5852.7096597277095
 1 527 1 6809.9104929117702 4055.6430897945102
 1 528 1 6564.2778310736303 4618.0869970636204
 1 529 1 6044.4898840574697 5783.1631280803604
 1 530 1 5892.7736691520404 5894.8379806387202
 1 531 1 6004.3020873984296 5192.0622320540597
 1 532 1 5289.8360678036797 6019.8425542383102
 1 533 1 6070.7772237716499 4931.52593469776
 1 534 1 4477.2343973898596 4817.5415944647402
 1 535 1 5916.9035545899997 5339.9759070806604
 1 536 1 6438.8434186751401 6756.7398646249603
 1 537 1 5763.8026711197299 6824.2244044025701
 1 538 1 6311.0817818245396 6357.4707886812403
 1 539 1 6453.4346248540596 5268.3118668997404
 1 540 1 6377.8583754471501 6223.5178552736697
 1 541 1 6318.3679921973699 7120.5252868820999
 1 542 1 5677.0854498591198 5866.4999717844003
 1 543 1 4657.9083456640901 4030.5705847845202
 1 544 1 7058.2941088200996 4243.55178566632
 1 545 1 6153.5721572768498 5093.9740130984401
 1 546 1 6933.2070833133503 4196.0557084804404
 1 547 1 6295.2947915674304 6841.8238839593496
 1 548 1 6257.8715108442802 4244.1988088922099
 1 549 1 4962.90014732083 4466.13121772248
 1 550 1 5252.6841288902797 4546.7293725720101
 1 551 1 6182.7920193985101 5415.5148960792003
 1 552 1 6176.3542493923596 4193.2073570795301
 1 553 1 6557.47530219497 4790.7134792745801
 1 554 1 6687.9053505437796 4820.6371303665201
 1 555 1 6909.6225023029001 4037.34575754048
 1 556 1 5729.3424621669801 6432.3516543701799
 1 557 1 6058.28359087026 4915.3737802952401
 1 558 1 5572.2593227502302 6450.9422337549804
 1 559 1 4639.05091200269 5772.6855016934596
 1 560 1 6441.3347740808604 5155.9680806074202
 1 561 1 5351.5694212513699 4227.4714377947103
 1 562 1 5619.94266518111 6506.95974587613
 1 563 1 6167.2676115843997 5608.9277188782899
 1 564 1 6732.2672075502196 6833.2711407736197
 1 565 1 6765.2017811812102 5721.9985310021802
 1 566 1 5323.4069307502596 5255.7723419458498
 1 567 1 5511.31653254504 5496.72421799534
 1 568 1 4883.0421167254799 5297.0940938660397
 1 569 1 4695.2020481136096 4674.35529863998
 1 570 1 4855.3848516704902 5503.8084647372598
 1 571 1 6845.6708103147703 7523.95873471295
 1 572 1 6464.8790954223696 5353.8695827863603
 1 573 1 7173.2479707071798 5530.7551392027499
 1 574 1 6189.67154798518 5298.99304561592
 1 575 1 5892.6081477862799 5160.8151809987603
 1 576 1 6767.4724240556898 6492.7657387190002
 1 577 1 5482.8687091120901 4185.2398762988796
 1 578 1 5356.0569204758904 4045.8428821038301
 1 579 1 5834.79406816555 5674.0262797435698
 1 580 1 6115.9785382336504 5942.1983612779204
 1 581 1 6480.6101386253904 4619.6059454840197
 1 582 1 6348.1661165594196 5093.3865089621404
 1 583 1 4442.5655200950196 4572.2932469570696
 1 584 1 6982.8177388914301 5129.4793100224797
 1 585 1 5246.6744530538499 5378.6876991771596
 1 586 1 6509.2223704356202 6552.4331625292898
 1 587 1 6292.9266073013296 4730.7604904355103
 1 588 1 4434.7747339118596 6507.24633518469
 1 589 1 6397.8605396807998 5345.2119812874498
 1 590 1 4978.2939306058997 5230.4345706665099
 1 591 1 7357.3756685601202 4559.9666248911199
 1 592 1 5502.2252908589799 6405.8758202326198
 1 593 1 5648.2780719756902 4886.0031699615502
 1 594 1 6364.2935386183099 6240.2281020936698
 1 595 1 5528.3294604683897 6521.8183150889399
 1 596 1 6629.6630908530597 4525.0539602487297
 1 597 1 5607.3556823372901 5222.7217506443203
 1 598 1 6673.0415287673304 6101.4949091285698
 1 599 1 7077.54852783144 5089.0824449574402
 1 600 1 5762.8512515829598 4540.2117144392296
 1 601 1 4253.0202568225104 4858.6563089195297
 1 602 1 6200.8739812921303 4320.4235594946103
 1 603 1 6115.1025508030898 5418.5047688307995
 1 604 1 5627.7825903655203 4368.7960453700998
 1 605 1 5550.8681021686998 5924.9365003499397
 1 606 1 5995.0650855265303 4220.5011078809903
 1 607 1 6053.7094224274797 4972.6281774607496
 1 608 1 6145.7120288855303 5344.0830512332104
 1 609 1 6199.1055340353296 5203.3374270815402
 1 610 1 7257.2650955470099 5105.5318719341903
 1 611 1 6286.5829836942403 5366.9617437636498
 1 612 1 5489.7283159314002 5428.5695634857702
 1 613 1 5708.2801195267602 4959.5035442525304
 1 614 1 5342.6768573167901 5271.8860448368396
 1 615 1 6883.1785606031699 6849.2145926181402
 1 616 1 6226.1846563494501 4282.9996511751096
 1 617 1 6901.6732420236503 5412.9647923996599
 1 618 1 6336.6945735748404 5502.8997855418502
 1 619 1 4422.5761564747199 4730.1135813169803
 1 620 1 5399.0344262571198 4391.8668641763497
 1 621 1 6013.41263576646 4920.0149084548502
 1 622 1 6802.5226761676804 4238.17336372712
 1 623 1 6095.4440636396102 4258.4313395511899
 1 624 1 5889.8554063828396 4781.3150522834503
 1 625 1 5651.4185753616903 4083.9028674536398
 1 626 1 6716.9911113770704 5662.5895805469099
 1 627 1 5027.0602795017903 4009.6830436498399
 1 628 1 6785.3505016740601 4669.4486657563903
 1 629 1 6100.9512903154 5895.5145398021396
 1 630 1 6431.28408451408 4919.9636384597698
 1 631 1 6608.8847554169597 5340.0765215034298
 1 632 1 6500.5998859858601 4962.3291607423098
 1 633 1 5305.61647772983 4986.56298520569
 1 634 1 6820.2903792629204 5949.2836349544796
 1 635 1 7959.2459410067904 4558.4871899734799
 1 636 1 5210.6622532684496 5380.6823018777204
 1 637 1 6764.2467034173897 5275.6460588224299
 1 638 1 5820.3495577496597 4947.0011759836498
 1 639 1 5975.3544728432598 5323.6596553251002
 1 640 1 6498.2283439702496 5504.2831803457402
 1 641 1 6344.5471403982401 5570.1700340219104
 1 642 1 5773.1872392863797 4976.9008808572098
 1 643 1 5772.9771040986998 5498.6348927174004
 1 644 1 6213.2855910491298 5016.9835143507598
 1 645 1 6213.0072593879604 5335.9125757543397
 1 646 1 4557.5551867757204 5201.05938479007
 1 647 1 7116.08603331224 5122.1487161918003
 1 648 1 5581.6670929760103 5068.6239817250798
 1 649 1 5120.9121988320303 6928.5412960321601
 1 650 1 7355.8434351860396 5641.8708982603303
 1 651 1 6094.8653434958396 6769.0513574098404
 1 652 1 5851.4849148759104 7134.8444131074302
 1 653 1 5347.2931284126398 6154.5487393152398
 1 654 1 4478.3628493763899 4490.0292737591799
 1 655 1 6385.44265271737 5313.69892082353
 1 656 1 5781.9821710913902 5076.5867185583802
 1 657 1 4741.5737089450604 4930.93358801666
 1 658 1 6499.7368719032202 4536.6137084369902
 1 659 1 7388.0575347428403 4875.0355456856496
 1 660 1 7263.6167080724999 6136.0466062259902
 1 661 1 5590.8964601070202 5241.1755608058302
 1 662 1 7520.0959140254599 5805.9216257734197
 1 663 1 6180.3383664815801 5269.0268735871296
 1 664 1 5629.3188433367604 4880.6546498236603
 1 665 1 5578.05520380283 5985.6323582299501
 1 666 1 6552.0423786280298 6708.5400008280603
 1 667 1 6782.4787516446104 4252.3699809296904
 1 668 1 5708.1418923210404 4442.9330831032203
 1 669 1 5588.1649780478201 5043.3143959667896
 1 670 1 4888.4277154932797 6722.8512915649299
 1 671 1 6211.9578428266104 4757.1120392823896
 1 672 1 5702.3614952124599 5863.7323822929202
 1 673 1 4374.8561194785798 4158.7984567321
 1 674 1 5695.8940499426699 6148.4596415882297
 1 675 1 6490.3298216668099 6883.4636036125203
 1 676 1 6758.2068384844797 5273.63969235489
 1 677 1 6401.3356302685397 6289.9779754360197
 1 678 1 5690.45999919324 4269.6654058820604
 1 679 1 5641.4254240495102 4724.9566402249802
 1 680 1 5780.8649287092903 5479.0404296101597
 1 681 1 6022.4237612297002 4327.11559438109
 1 682 1 6323.4336105720904 6315.2891877199399
 1 683 1 6359.2064663587598 4726.8872877589301
 1 684 1 6614.6081248417504 5088.85108686276
 1 685 1 6690.9384624099903 5689.1953490892402
 1 686 1 7211.8594270412405 4718.6355594687702
 1 687 1 6113.0541643413299 5094.56520416695
 1 688 1 5542.8076829740903 5767.7219193635501
 1 689 1 5669.1347671022404 6112.4429830952304
 1 690 1 5532.7552438081702 4940.5822006838998
 1 691 1 6448.2269246153801 4082.40128293211
 1 692 1 5766.5300988802901 4424.0107386678601
 1 693 1 4552.5823476259202 6494.3236859859098
 1 694 1 6484.7615904730201 5125.7808549688598
 1 695 1 6041.6607993634798 7168.2639293278098
 1 696 1 4829.5349918297197 5684.8498511057396
 1 697 1 4852.9915971344299 5526.5447136063503
 1 698 1 5447.3130433713204 4331.6452781545504
 1 699 1 5712.8518069955499 6112.7336593510499
 1 700 1 5936.4138009930803 4510.2064167293902
 1 701 1 5133.2293074832796 5899.4489192645296
 1 702 1 6571.1608162777402 4525.0483464645004
 1 703 1 5595.2972032255502 4000.0086134212302
 1 704 1 7125.0212765255201 5903.7834454505401
 1 705 1 6261.0859078752301 5775.6013696761302
 1 706 1 6960.9780823187102 5652.7823079434702
 1 707 1 6614.8002994051003 6321.5917908358597
 1 708 1 5062.41568469511 5954.0224499893302
 1 709 1 5102.7040503851103 4452.7491633809204
 1 710 1 5354.5870442185496 4588.0964143809797
 1 711 1 7157.3887564158904 4697.4876805825397
 1 712 1 6679.2272043652501 4517.5358611383599
 1 713 1 5651.5919275870101 6579.5998411278797
 1 714 1 5748.7618816021004 5661.6951588615702
 1 715 1 7378.3080768273603 4746.65257778255
 1 716 1 5940.46902024664 5410.8994086253297
 1 717 1 5934.2376403008802 4304.9045088958801
 1 718 1 5863.2703449640203 5752.23898589497
 1 719 1 6180.2628343356 5082.9219848253397
 1 720 1 6352.1735474632496 4672.0946758605696
 1 721 1 6347.9099229806598 4624.9601754165496
 1 722 1 5735.9107598258297 4046.5463570161
 1 723 1 7370.5709940267097 4562.7204274093301
 1 724 1 6665.8972745249202 5052.1386027009303
 1 725 1 5812.0463086508498 5736.4612779278204
 1 726 1 6356.9563687421096 4975.4538515117101
 1 727 1 5487.4277259156397 4290.9050099833103
 1 728 1 5754.8074882913397 4905.0468609710097
 1 729 1 5670.0565842713704 4455.5012264226498
 1 730 1 4754.1449995907296 4802.3929279416298
 1 731 1 5982.0014669144402 4260.4486611338698
 1 732 1 6171.1907938108998 5306.5379911421496
 1 733 1 6653.2561939328298 4946.8982614043598
 1 734 1 4403.6077900664704 5048.40090006833
 1 735 1 5609.8474994750904 5879.3344844811099
 1 736 1 5864.5432974872201 5990.1497630376198
 1 737 1 6522.0020398303604 4999.2414248702598
 1 738 1 5713.6213663448198 5571.2343794991002
 1 739 1 5583.2444858202698 4046.66896102688
 1 740 1 4984.0566812740199 6823.3476378717296
 1 741 1 5344.64911471287 4500.1791142448301
 1 742 1 6585.5113707211804 5092.9947116957501
 1 743 1 5677.4806706375903 4508.5220530430597
 1 744 1 6946.3278853863203 6480.8019212433001
 1 745 1 6518.5237964908401 6847.2761589521597
 1 746 1 4137.3447840949802 5332.7628342565304
 1 747 1 5603.97380350392 4214.03011190491
 1 748 1 6709.0227350127398 5363.5079437416098
 1 749 1 6759.8983697401 4299.2082008973903
 1 750 1 7058.1039055736701 5052.99131908855
 1 751 1 5330.6994291646697 5740.3068867988504
 1 752 1 6758.4331152512405 5458.3055249612098
 1 753 1 5574.4052468196196 5183.2520805726999
 1 754 1 6504.1094821173901 5525.0779420280096
 1 755 1 5373.3634188958004 4730.61633908165
 1 756 1 5392.2355904639599 6295.6001967448301
 1 757 1 5437.5009964236697 5811.1673938005197
 1 758 1 5428.9830939286703 4763.6156845820597
 1 759 1 5694.8471190893297 6036.9377411530604
 1 760 1 6475.9090630082101 5962.4320685827897
 1 761 1 6531.2604319165002 5006.9561096203497
 1 762 1 6546.2032573625702 5565.2105268308696
 1 763 1 5404.9056253130402 4859.0873212575898
 1 764 1 6215.29231192713 4516.96469989039
 1 765 1 5752.16627135012 4727.5051618379803
 1 766 1 5485.0030458288002 4368.13386121862
 1 767 1 6155.4879972736098 5526.8637493189199
 1 768 1 5631.7118319984102 4252.5277316159099
 1 769 1 7022.5723608918397 4546.9150673386603
 1 770 1 6022.9988440220604 5636.3066567911901
 1 771 1 6381.6189591867696 4967.6458313736703
 1 772 1 6086.41598718566 7191.7035462469703
 1 773 1 7015.3330242866004 7046.15119248676
 1 774 1 4677.7671409398499 4614.8332295454902
 1 775 1 5693.5299921532196 6688.9182513352098
 1 776 1 5991.8685708752 4939.94194326862
 1 777 1 5872.4599395576297 4188.3790140164901
 1 778 1 5842.62076373944 5581.0891278426998
 1 779 1 5070.6976556802301 5529.5509377393901
 1 780 1 6728.4470551480499 5774.3264162389196
 1 781 1 5906.2561380275602 5199.6032353690998
 1 782 1 6792.0359598865498 4884.9689257794098
 1 783 1 5589.7868744626903 4355.7317260207901
 1 784 1 5230.6017397813002 5656.2959966594599
 1 785 1 5173.99440976808 7233.2387124119396
 1 786 1 5487.0907211554804 4618.8548911196103
 1 787 1 6234.9420778367903 5355.7245302991796
 1 788 1 6711.3466342842003 4264.1993135879202
 1 789 1 6915.16759423853 4884.1296214420199
 1 790 1 7516.90610065079 6818.5123909788999
 1 791 1 5719.0477963369403 5894.7423701963098
 1 792 1 6663.5019443753099 4662.5033671624196
 1 793 1 5461.2725924036104 5323.3431797325702
 1 794 1 5646.5781823545803 6100.0232688941296
 1 795 1 5759.9449599080499 4020.5380613944999
 1 796 1 6072.8123703505598 5084.4607976398802
 1 797 1 6843.6286914356297 5529.4102290932797
 1 798 1 5472.5811188806501 5387.2262739895004
 1 799 1 5854.9695185129303 6590.9411750077597
 1 800 1 4995.9775464787199 4853.7269124597697
 1 801 1 5572.0044594721403 6230.2411384288498
 1 802 1 5329.2729509465598 5692.2645897682696
 1 803 1 6519.9717159717602 5170.0432746083998
 1 804 1 6747.9450024176103 4456.9369965300102
 1 805 1 7345.8468261308799 4286.09151168881
 1 806 1 6392.8124216529995 4474.3735747309502
 1 807 1 5299.6342442964797 6162.1420525268404
 1 808 1 7587.5515699935704 5361.8277755523404
 1 809 1 6895.0388545912901 4641.25228049835
 1 810 1 5953.7521773057097 5183.9325338185899
 1 811 1 5706.4077184675098 5430.8650885019197
 1 812 1 7172.8709348743896 4270.7477560931702
 1 813 1 5468.49148174941 5296.7779027113902
 1 814 1 5219.0499061258497 6420.84308252767
 1 815 1 6655.1645577610998 4818.0294724390396
 1 816 1 6022.4853967892104 6984.4508198385302
 1 817 1 7201.2530881791499 5765.7508737689204
 1 818 1 6119.1619976757802 4905.5728054133597
 1 819 1 4716.8448307559902 4207.97177381251
 1 820 1 5860.5231753456801 5908.9641512747103
 1 821 1 5560.3643597134096 5067.6956630962104
 1 822 1 6003.4108730684902 6198.1806090186201
 1 823 1 6231.0980570144402 5193.0485678360201
 1 824 1 5392.7526109720902 5200.5415317301904
 1 825 1 5592.1038240583603 4183.3173596741999
 1 826 1 6894.0613000617504 5677.1355576453498
 1 827 1 6367.2584438672002 4132.8675508451797
 1 828 1 6840.6875902582397 6171.9293762310799
 1 829 1 5014.8374427506196 5917.0557369926601
 1 830 1 5967.1786094597401 4793.43314294015
 1 831 1 6641.1160848439104 5713.3604501203299
 1 832 1 6463.4095134855997 4933.6516137976696
 1 833 1 5406.4175407191296 4144.7611973457497
 1 834 1 4808.7051890513103 4842.0709514353102
 1 835 1 4845.6423562277396 5076.6646690575099
 1 836 1 6504.9971499483499 4719.4695966470499
 1 837 1 6550.7678466791704 5166.2972633726504
 1 838 1 4433.7890087367596 4671.3893209488897
 1 839 1 4853.7554068373702 6397.0240204898
 1 840 1 6508.0073556688303 4897.8261811657603
 1 841 1 5058.7692924312396 4516.8054912143398
 1 842 1 6568.5590064731996 5940.84278119998
 1 843 1 6158.2723427189703 4877.7228666302099
 1 844 1 7172.6189950649696 4051.72963815393
 1 845 1 5556.5504624655896 4021.0274692323101
 1 846 1 7058.8209379788104 5411.1116532512096
 1 847 1 5400.3395461651198 4960.6629406599404
 1 848 1 5971.7063034907997 4914.5217474426099
 1 849 1 6200.9413567298398 4695.0566333325696
 1 850 1 6015.8173596845099 5989.7646836069798
 1 851 1 4914.2275179062399 5517.8026681414904
 1 852 1 6092.7912554520899 5687.7531474738998
 1 853 1 6570.7357589040503 7479.8690458958899
 1 854 1 5359.6642984626596 5263.3053228382496
 1 855 1 5327.1356861191798 5561.9395460524602
 1 856 1 5556.4434355755802 4848.4055340796904
 1 857 1 5385.6595013611804 4369.8742346130202
 1 858 1 7210.8843959925998 5672.40198085665
 1 859 1 6393.8806610376996 6518.0019089409998
 1 860 1 4435.28247981192 5696.4720316321
 1 861 1 5669.1104968050604 4890.17249410766
 1 862 1 7080.5666030394405 5339.1757967452904
 1 863 1 7326.5092306432498 5734.5758383726698
 1 864 1 6641.5585255738297 6387.3187857595103
 1 865 1 5261.1036330940397 6989.4869958654799
 1 866 1 5707.1926554022102 5219.0237371493204
 1 867 1 6262.8032294558798 4545.8823704303804
 1 868 1 7614.3874633303103 6352.4095630110796
 1 869 1 5560.4689469076702 4194.1446654586898
 1 870 1 5634.1729595781899 4688.30048829732
 1 871 1 6146.1041974826003 5684.5559203060502
 1 872 1 6265.6454070724703 5113.7314828156796
 1 873 1 7128.8484445143804 5244.3211922363498
 1 874 1 4065.9853167177498 5777.5880168191097
 1 875 1 6653.4525524968803 4987.3066180657097
 1 876 1 5918.6479478434103 4681.9671720145097
 1 877 1 6498.2821077976796 4461.0179446489001
 1 878 1 5870.4687960630699 4701.4772078474398
 1 879 1 5071.9027541731102 5091.6311786886199
 1 880 1 5570.9212736710297 5374.5318504561801
 1 881 1 6128.1177517204496 4273.8156890205501
 1 882 1 7089.8869218761101 6068.9287560326702
 1 883 1 7743.9469108356798 5384.9649561720998
 1 884 1 6200.9516818675902 4737.1797727092599
 1 885 1 6994.9652044577897 4353.9578707566998
 1 886 1 5165.1736115597496 5032.4846359085004
 1 887 1 6291.6175822886898 6519.1869578873302
 1 888 1 5843.3718252624203 4711.8120340778496
 1 889 1 4829.3888158090504 4788.5233866676699
 1 890 1 6354.6332426337704 6329.7695958263903
 1 891 1 5372.1426570289004 4223.60139432506
 1 892 1 5206.2281543235104 4135.29796990265
 1 893 1 6737.8496310227401 6481.7679741962902
 1 894 1 5339.0240523662796 5645.9762801896304
 1 895 1 5138.0555865054703 5430.3636153570096
 1 896 1 6087.5854642694003 6245.3548393984302
 1 897 1 6047.8695743336102 4128.6882568207202
 1 898 1 6357.9147915059102 5373.8366832662296
 1 899 1 5686.4240432248998 5536.09696477944
 1 900 1 6117.77899683333 6793.6787596536096
 1 901 1 5569.4864002312697 5852.3665549902398
 1 902 1 4985.4767834024497 4638.6086374226597
 1 903 1 5302.0242261476096 5955.8700575549701
 1 904 1 7279.8197102026297 6426.0592083639904
 1 905 1 7043.0803126607198 5514.5692791319598
 1 906 1 6042.9708293161202 4529.2261719271
 1 907 1 6430.8538738931702 5860.1799247222498
 1 908 1 5415.35854637581 5997.8360857736998
 1 909 1 5702.7499407396199 4994.7759675299103
 1 910 1 5825.8110656527697 6052.1727513677997
 1 911 1 6084.2805134307 4008.82353451791
 1 912 1 5072.1365246170899 5475.0077985470798
 1 913 1 7205.2168004533396 4807.6976022872796
 1 914 1 6191.8976415112102 5394.5108678804199
 1 915 1 6433.7290585300698 5410.9019026032001
 1 916 1 5854.9867089461204 4498.1719461952798
 1 917 1 7813.9409877374401 5784.1574922238897
 1 918 1 5786.0797696455902 6113.29128140382
 1 919 1 7648.60220983816 6010.55877877084
 1 920 1 4642.1884858031899 5138.1076903914
 1 921 1 7819.0277154375699 6942.5668969680701
 1 922 1 7109.6120255502501 7062.6421823524097
 1 923 1 6496.6572553143696 4507.0960181185101
 1 924 1 5068.2989050052101 6583.8469561962702
 1 925 1 6364.24581376076 5097.9099052020701
 1 926 1 6515.8895999184397 6074.7906619874902
 1 927 1 4594.9732194130702 6786.1539059037405
 1 928 1 6001.3914051433503 4124.5976828674902
 1 929 1 7170.32840172539 4308.4871199131903
 1 930 1 5944.80499724329 4543.8729550560201
 1 931 1 6822.4217606582497 5338.3431089516898
 1 932 1 6285.6490251700598 5389.9310677007397
 1 933 1 5822.6958236092496 5000.5976319352203
 1 934 1 6464.20744378362 5456.7542951954101
 1 935 1 5433.7647031526103 5811.80293099963
 1 936 1 6146.2447254798599 7229.6106723582297
 1 937 1 5308.5435546938397 5654.5075644614799
 1 938 1 6376.9549125284402 5387.47559443707
 1 939 1 5397.2701730966601 4421.2715951174496
 1 940 1 5150.0187494455904 4801.6213005763802
 1 941 1 6724.4068813175199 5207.6184854975099
 1 942 1 5883.7066738211197 4346.6103775587999
 1 943 1 6640.0780010099197 4941.3585535925104
 1 944 1 5437.2449034106403 5459.5479377440397
 1 945 1 4993.5645889164498 4991.8421412283396
 1 946 1 5601.0206454584404 5679.6198380965998
 1 947 1 4290.4791750636196 6187.3564595294101
 1 948 1 5523.9669979190203 4202.8258036266798
 1 949 1 5871.0537101110003 7557.6426579285899
 1 950 1 6349.5041927460998 5525.69904548048
 1 951 1 5000.6855821633499 4268.31135453769
 1 952 1 7634.1438160506405 4742.0417831204304
 1 953 1 5860.8710858600798 6343.6257518386001
 1 954 1 5599.6025689581002 4684.7436286940701
 1 955 1 7580.4728668903899 4144.8367400691805
 1 956 1 5803.3713218156299 5828.4303968653303
 1 957 1 5136.3021229610204 6603.8025605535304
 1 958 1 5906.7151741029902 5674.8290777440498
 1 959 1 6256.8069778914496 5267.1594671084404
 1 960 1 7114.6785607498796 4302.4643644684302
 1 961 1 4482.6596117372501 5911.1972298661603
 1 962 1 5666.7113498805902 7991.7397438858598
 1 963 1 6442.0950600933102 5315.2035342833096
 1 964 1 6289.9939839757799 5191.9038283454702
 1 965 1 6838.4872557255703 6118.8978637979299
 1 966 1 4630.6150598302902 5786.69634277348
 1 967 1 5887.9562601729804 6149.6736934156497
 1 968 1 7043.2734864336899 4636.2718187141099
 1 969 1 7033.0316878068897 5954.4715148113801
 1 970 1 5894.1074716493804 5647.6857626428
 1 971 1 6622.1819701819104 4891.4025017845597
 1 972 1 5932.5756242827902 6415.1102878923602
 1 973 1 5647.1661397105099 4885.7621315243496
 1 974 1 6474.7668946618196 5062.6436491717404
 1 975 1 5880.5567366105797 4710.8633249443401
 1 976 1 6434.5602026548604 4779.9960603081199
 1 977 1 6427.0126958295496 4943.6172906277297
 1 978 1 5427.4717045088 5834.0071630581497
 1 979 1 5055.3608787631902 6030.74173422699
 1 980 1 5440.6728333623696 5033.67409717377
 1 981 1 5589.0702845781598 5105.9809316814299
 1 982 1 6300.83554187756 4682.6341262604601
 1 983 1 5983.3093222798198 4038.7899303864301
 1 984 1 6598.3481587731903 4517.8028574636501
 1 985 1 6560.9683243622903 6472.81114353261
 1 986 1 6484.3989001162199 6154.5136807229601
 1 987 1 5645.4591130136696 5153.1350169009002
 1 988 1 5141.6254579778097 5212.4741401697502
 1 989 1 5714.5979294997296 5776.78892456006
 1 990 1 7654.6851707116002 5745.8018631557197
 1 991 1 5486.9787947701598 5593.6250986397799
 1 992 1 5304.22859615377 4745.6501873410898
 1 993 1 7099.0857225514601 6877.3105880035901
 1 994 1 5485.3136294003398 5839.67803585808
 1 995 1 5678.82995703083 5279.0592431069299
 1 996 1 5792.92697958589 5167.0267296930197
 1 997 1 5438.2807610505197 4214.7245341053103
 1 998 1 4902.9163138076001 4573.9640255101003
 1 999 1 5481.5346048452502 5412.1504144792498
 1 1000 1 5309.6328667346897 4256.1323731652601


